Transactions


Date : 2002/1/10
Transaction Type : deposit
Amount : 100.000000


Date : 2020/1/9
Transaction Type : deposit
Amount : 10.000000


Date : 2020/1/9
Transaction Type : withdraw
Amount : 10.000000
